15584812001055000, 104
15584813001055000, 104
15584814001055000, 104
15584815001055000, 104
15584816001055000, 104
15584817001055000, 104
15584818001055000, 104
15584819001055000, 104
15584820001055000, 104
15584821001055000, 104
15584822001055000, 104
15584823001055000, 104
15584824001055000, 104
15584825001055000, 104
15584826001055000, 104
15584827001055000, 104
15584828001055000, 104
15584829001055000, 104
15584830001055000, 104
15584831001055000, 104
15584832001055000, 104
15584833001055000, 104
15584834001055000, 104
15584835001055000, 104
15584836001055000, 104
15584837001055000, 104
15584838001055000, 104
15584839001055000, 104
15584840001055000, 104
15584841001055000, 104
15584842001055000, 104
15584843001055000, 104
15584844001055000, 104
15584845001055000, 104
15584846001055000, 104
15584847001055000, 104
15584848001055000, 104
15584849001055000, 104
15584850001055000, 104
15584851001055000, 104
15584852001055000, 104
15584853001055000, 104
15584854001055000, 104
15584855001055000, 104
15584856001055000, 104
15584857001055000, 104
15584858001055000, 104
15584859001055000, 104
15584860001055000, 104
15584861001055000, 104
15584862001055000, 104
15584863001055000, 104
15584864001055000, 104
15584865001055000, 104
15584866001055000, 104
15584867001055000, 104
15584868001055000, 104
15584869001055000, 104
15584870001055000, 104
15584871001055000, 104
15584872001055000, 104
15584873001055000, 104
15584874001055000, 104
15584875001055000, 104
15584876001055000, 104
15584877001055000, 104
15584878001055000, 104
15584879001055000, 104
15584880001055000, 104
15584881001055000, 104
15584882001055000, 104
15584883001055000, 104
15584884001055000, 104
15584885001055000, 104
15584886001055000, 104
15584887001055000, 104
15584888001055000, 104
15584889001055000, 104
15584890001055000, 104
15584891001055000, 104
15584892001055000, 104
15584893001055000, 104
15584894001055000, 104
15584895001055000, 104
15584896001055000, 104
15584897001055000, 104
15584898001055000, 104
15584899001055000, 104
15584900001055000, 104
15584901001055000, 104
15584902001055000, 104
15584903001055000, 104
15584904001055000, 104
15584905001055000, 104
15584906001055000, 104
15584907001055000, 104
15584908001055000, 104
15584909001055000, 104
15584910001055000, 104
15584911001055000, 104
15584912001055000, 104
15584913001055000, 104
15584914001055000, 104
15584915001055000, 104
15584916001055000, 104
15584917001055000, 104
15584918001055000, 104
15584919001055000, 104
15584920001055000, 104
15584921001055000, 104
15584922001055000, 104
15584923001055000, 104
15584924001055000, 104
15584925001055000, 104
15584926001055000, 104
15584927001055000, 104
15584928001055000, 104
15584929001055000, 104
15584930001055000, 104
15584931001055000, 104
15584932001055000, 104
15584933001055000, 104
15584934001055000, 104
15584935001055000, 104
15584936001055000, 104
15584937001055000, 104
15584938001055000, 104
15584939001055000, 104
15584940001055000, 104
15584941001055000, 104
15584942001055000, 104
15584943001055000, 104
15584944001055000, 104
15584945001055000, 104
15584946001055000, 104
15584947001055000, 104
15584948001055000, 104
15584949001055000, 104
15584950001055000, 104
15584951001055000, 104
15584952001055000, 104
15584953001055000, 104
15584954001055000, 104
15584955001055000, 104
15584956001055000, 104
15584957001055000, 104
15584958001055000, 104
15584959001055000, 104
15584960001055000, 104
15584961001055000, 104
15584962001055000, 104
15584963001055000, 104
15584964001055000, 104
15584965001055000, 104
15584966001055000, 104
15584967001055000, 104
15584968001055000, 104
15584969001055000, 104
15584970001055000, 104
15584971001055000, 104
15584972001055000, 104
15584973001055000, 104
15584974001055000, 104
15584975001055000, 104
15584976001055000, 104
15584977001055000, 104
15584978001055000, 104
15584979001055000, 104
15584980001055000, 104
15584981001055000, 104
15584982001055000, 104
15584983001055000, 104
15584984001055000, 104
15584985001055000, 104
15584986001055000, 104
15584987001055000, 104
15584988001055000, 104
15584989001055000, 104
15584990001055000, 104
15584991001055000, 104
15584992001055000, 104
15584993001055000, 104
15584994001055000, 104
15584995001055000, 104
15584996001055000, 104
15584997001055000, 104
15584998001055000, 104
15584999001055000, 104
15585000001055000, 104
15585001001055000, 104
15585002001055000, 104
15585003001055000, 104
15585004001055000, 104
15585005001055000, 104
15585006001055000, 104
15585007001055000, 104
15585008001055000, 104
15585009001055000, 104
15585010001055000, 104
15585011001055000, 104
15585012001055000, 104
15585013001055000, 104
15585014001055000, 104
15585015001055000, 104
15585016001055000, 104
15585017001055000, 104
15585018001055000, 104
15585019001055000, 104
15585020001055000, 104
15585021001055000, 104
15585022001055000, 104
15585023001055000, 104
15585024001055000, 104
15585025001055000, 104
15585026001055000, 104
15585027001055000, 104
15585028001055000, 104
15585029001055000, 104
15585030001055000, 104
15585031001055000, 104
15585032001055000, 104
15585033001055000, 104
15585034001055000, 104
15585035001055000, 104
15585036001055000, 104
15585037001055000, 104
15585038001055000, 104
15585039001055000, 104
15585040001055000, 104
15585041001055000, 104
15585042001055000, 104
15585043001055000, 104
15585044001055000, 104
15585045001055000, 104
15585046001055000, 104
15585047001055000, 104
15585048001055000, 104
15585049001055000, 104
15585050001055000, 104
15585051001055000, 104
15585052001055000, 104
15585053001055000, 104
15585054001055000, 104
15585055001055000, 104
15585056001055000, 104
15585057001055000, 104
15585058001055000, 104
15585059001055000, 104
15585060001055000, 104
15585061001055000, 104
15585062001055000, 104
15585063001055000, 104
15585064001055000, 104
15585065001055000, 104
15585066001055000, 104
15585067001055000, 104
15585068001055000, 104
15585069001055000, 104
15585070001055000, 104
15585071001055000, 104
15585072001055000, 104
15585073001055000, 104
15585074001055000, 104
15585075001055000, 104
15585076001055000, 104
15585077001055000, 104
15585078001055000, 104
15585079001055000, 104
15585080001055000, 104
15585081001055000, 104
15585082001055000, 104
15585083001055000, 104
15585084001055000, 104
15585085001055000, 104
15585086001055000, 104
15585087001055000, 104
15585088001055000, 104
15585089001055000, 104
15585090001055000, 104
15585091001055000, 104
15585092001055000, 104
15585093001055000, 104
15585094001055000, 104
15585095001055000, 104
15585096001055000, 104
15585097001055000, 104
15585098001055000, 104
15585099001055000, 104
15585100001055000, 104
15585101001055000, 104
15585102001055000, 104
15585103001055000, 104
15585104001055000, 104
15585105001055000, 104
15585106001055000, 104
15585107001055000, 104
15585108001055000, 104
15585109001055000, 104
15585110001055000, 104
15585111001055000, 104
15585112001055000, 104
15585113001055000, 104
15585114001055000, 104
15585115001055000, 104
15585116001055000, 104
15585117001055000, 104
15585118001055000, 104
15585119001055000, 104
15585120001055000, 104
15585121001055000, 104
15585122001055000, 104
15585123001055000, 104
15585124001055000, 104
15585125001055000, 104
15585126001055000, 104
15585127001055000, 104
15585128001055000, 104
15585129001055000, 104
15585130001055000, 104
15585131001055000, 104
15585132001055000, 104
15585133001055000, 104
15585134001055000, 104
15585135001055000, 104
15585136001055000, 104
15585137001055000, 104
15585138001055000, 104
15585139001055000, 104
15585140001055000, 104
15585141001055000, 104
15585142001055000, 104
15585143001055000, 104
15585144001055000, 104
15585145001055000, 104
15585146001055000, 104
15585147001055000, 104
15585148001055000, 104
15585149001055000, 104
15585150001055000, 104
15585151001055000, 104
15585152001055000, 104
15585153001055000, 104
15585154001055000, 104
15585155001055000, 104
15585156001055000, 104
15585157001055000, 104
15585158001055000, 104
15585159001055000, 104
15585160001055000, 104
15585161001055000, 104
15585162001055000, 104
15585163001055000, 104
15585164001055000, 104
15585165001055000, 104
15585166001055000, 104
15585167001055000, 104
15585168001055000, 104
15585169001055000, 104
15585170001055000, 104
15585171001055000, 104
15585172001055000, 104
15585173001055000, 104
15585174001055000, 104
15585175001055000, 104
15585176001055000, 104
15585177001055000, 104
15585178001055000, 104
15585179001055000, 104
15585180001055000, 104
15585181001055000, 104
15585182001055000, 104
15585183001055000, 104
15585184001055000, 104
15585185001055000, 104
15585186001055000, 104
15585187001055000, 104
15585188001055000, 104
15585189001055000, 104
15585190001055000, 104
15585191001055000, 104
15585192001055000, 104
15585193001055000, 104
15585194001055000, 104
15585195001055000, 104
15585196001055000, 104
15585197001055000, 104
15585198001055000, 104
15585199001055000, 104
15585200001055000, 104
15585201001055000, 104
15585202001055000, 104
15585203001055000, 104
15585204001055000, 104
15585205001055000, 104
15585206001055000, 104
15585207001055000, 104
15585208001055000, 104
15585209001055000, 104
15585210001055000, 104
15585211001055000, 104
15585212001055000, 104
15585213001055000, 104
15585214001055000, 104
15585215001055000, 104
15585216001055000, 104
15585217001055000, 104
15585218001055000, 104
15585219001055000, 104
15585220001055000, 104
15585221001055000, 104
15585222001055000, 104
15585223001055000, 104
15585224001055000, 104
15585225001055000, 104
15585226001055000, 104
15585227001055000, 104
15585228001055000, 104
15585229001055000, 104
15585230001055000, 104
15585231001055000, 104
15585232001055000, 104
15585233001055000, 104
15585234001055000, 104
15585235001055000, 104
15585236001055000, 104
15585237001055000, 104
15585238001055000, 104
15585239001055000, 104
15585240001055000, 104
15585241001055000, 104
15585242001055000, 104
15585243001055000, 104
15585244001055000, 104
15585245001055000, 104
15585246001055000, 104
15585247001055000, 104
15585248001055000, 104
15585249001055000, 104
15585250001055000, 104
15585251001055000, 104
15585252001055000, 104
15585253001055000, 104
15585254001055000, 104
15585255001055000, 104
15585256001055000, 104
15585257001055000, 104
15585258001055000, 104
15585259001055000, 104
15585260001055000, 104
15585261001055000, 104
15585262001055000, 104
15585263001055000, 104
15585264001055000, 104
15585265001055000, 104
15585266001055000, 104
15585267001055000, 104
15585268001055000, 104
15585269001055000, 104
15585270001055000, 104
15585271001055000, 104
15585272001055000, 104
15585273001055000, 104
15585274001055000, 104
15585275001055000, 104
15585276001055000, 104
15585277001055000, 104
15585278001055000, 104
15585279001055000, 104
15585280001055000, 104
15585281001055000, 104
15585282001055000, 104
15585283001055000, 104
15585284001055000, 104
15585285001055000, 104
15585286001055000, 104
15585287001055000, 104
15585288001055000, 104
15585289001055000, 104
15585290001055000, 104
15585291001055000, 104
15585292001055000, 104
15585293001055000, 104
15585294001055000, 104
15585295001055000, 104
15585296001055000, 104
15585297001055000, 104
15585298001055000, 104
15585299001055000, 104
15585300001055000, 104
15585301001055000, 104
15585302001055000, 104
15585303001055000, 104
15585304001055000, 104
15585305001055000, 104
15585306001055000, 104
15585307001055000, 104
15585308001055000, 104
15585309001055000, 104
15585310001055000, 104
15585311001055000, 104
15585312001055000, 104
15585313001055000, 104
15585314001055000, 104
15585315001055000, 104
15585316001055000, 104
15585317001055000, 104
15585318001055000, 104
15585319001055000, 104
15585320001055000, 104
15585321001055000, 104
15585322001055000, 104
15585323001055000, 104
15585324001055000, 104
15585325001055000, 104
15585326001055000, 104
15585327001055000, 104
15585328001055000, 104
15585329001055000, 104
15585330001055000, 104
15585331001055000, 104
15585332001055000, 104
15585333001055000, 104
15585334001055000, 104
15585335001055000, 104
15585336001055000, 104
15585337001055000, 104
15585338001055000, 104
15585339001055000, 104
15585340001055000, 104
15585341001055000, 104
15585342001055000, 104
15585343001055000, 104
15585344001055000, 104
15585345001055000, 104
15585346001055000, 104
15585347001055000, 104
15585348001055000, 104
15585349001055000, 104
15585350001055000, 104
15585351001055000, 104
15585352001055000, 104
15585353001055000, 104
15585354001055000, 104
15585355001055000, 104
15585356001055000, 104
15585357001055000, 104
15585358001055000, 104
15585359001055000, 104
15585360001055000, 104
15585361001055000, 104
15585362001055000, 104
15585363001055000, 104
15585364001055000, 104
15585365001055000, 104
15585366001055000, 104
15585367001055000, 104
15585368001055000, 104
15585369001055000, 104
15585370001055000, 104
15585371001055000, 104
15585372001055000, 104
15585373001055000, 104
15585374001055000, 104
15585375001055000, 104
15585376001055000, 104
15585377001055000, 104
15585378001055000, 104
15585379001055000, 104
15585380001055000, 104
15585381001055000, 104
15585382001055000, 104
15585383001055000, 104
15585384001055000, 104
15585385001055000, 104
15585386001055000, 104
15585387001055000, 104
15585388001055000, 104
15585389001055000, 104
15585390001055000, 104
15585391001055000, 104
15585392001055000, 104
15585393001055000, 104
15585394001055000, 104
15585395001055000, 104
15585396001055000, 104
15585397001055000, 104
15585398001055000, 104
15585399001055000, 104
15585400001055000, 104
15585401001055000, 104
15585402001055000, 104
15585403001055000, 104
15585404001055000, 104
15585405001055000, 104
15585406001055000, 104
15585407001055000, 104
15585408001055000, 104
15585409001055000, 104
15585410001055000, 104
15585411001055000, 104
15585412001055000, 104
15585413001055000, 104
15585414001055000, 104
15585415001055000, 104
15585416001055000, 104
15585417001055000, 104
15585418001055000, 104
15585419001055000, 104
15585420001055000, 104
15585421001055000, 104
15585422001055000, 104
15585423001055000, 104
15585424001055000, 104
15585425001055000, 104
15585426001055000, 104
15585427001055000, 104
15585428001055000, 104
15585429001055000, 104
15585430001055000, 104
15585431001055000, 104
15585432001055000, 104
15585433001055000, 104
15585434001055000, 104
15585435001055000, 104
15585436001055000, 104
15585437001055000, 104
15585438001055000, 104
15585439001055000, 104
15585440001055000, 104
15585441001055000, 104
15585442001055000, 104
15585443001055000, 104
15585444001055000, 104
15585445001055000, 104
15585446001055000, 104
15585447001055000, 104
15585448001055000, 104
15585449001055000, 104
15585450001055000, 104
15585451001055000, 104
15585452001055000, 104
15585453001055000, 104
15585454001055000, 104
15585455001055000, 104
15585456001055000, 104
15585457001055000, 104
15585458001055000, 104
15585459001055000, 104
15585460001055000, 104
15585461001055000, 104
15585462001055000, 104
15585463001055000, 104
15585464001055000, 104
15585465001055000, 104
15585466001055000, 104
15585467001055000, 104
15585468001055000, 104
15585469001055000, 104
15585470001055000, 104
15585471001055000, 104
15585472001055000, 104
15585473001055000, 104
15585474001055000, 104
15585475001055000, 104
15585476001055000, 104
15585477001055000, 104
15585478001055000, 104
15585479001055000, 104
15585480001055000, 104
15585481001055000, 104
15585482001055000, 104
15585483001055000, 104
15585484001055000, 104
15585485001055000, 104
15585486001055000, 104
15585487001055000, 104
15585488001055000, 104
15585489001055000, 104
15585490001055000, 104
15585491001055000, 104
15585492001055000, 104
15585493001055000, 104
15585494001055000, 104
15585495001055000, 104
15585496001055000, 104
15585497001055000, 104
15585498001055000, 104
15585499001055000, 104
15585500001055000, 104
15585501001055000, 104
15585502001055000, 104
15585503001055000, 104
15585504001055000, 104
15585505001055000, 104
15585506001055000, 104
15585507001055000, 104
15585508001055000, 104
15585509001055000, 104
15585510001055000, 104
15585511001055000, 104
15585512001055000, 104
15585513001055000, 104
15585514001055000, 104
15585515001055000, 104
15585516001055000, 104
15585517001055000, 104
15585518001055000, 104
15585519001055000, 104
15585520001055000, 104
15585521001055000, 104
15585522001055000, 104
15585523001055000, 104
15585524001055000, 104
15585525001055000, 104
15585526001055000, 104
15585527001055000, 104
15585528001055000, 104
15585529001055000, 104
15585530001055000, 104
15585531001055000, 104
15585532001055000, 104
15585533001055000, 104
15585534001055000, 104
15585535001055000, 104
15585536001055000, 104
15585537001055000, 104
15585538001055000, 104
15585539001055000, 104
15585540001055000, 104
15585541001055000, 104
15585542001055000, 104
15585543001055000, 104
15585544001055000, 104
15585545001055000, 104
15585546001055000, 104
15585547001055000, 104
15585548001055000, 104
15585549001055000, 104
15585550001055000, 104
15585551001055000, 104
15585552001055000, 104
15585553001055000, 104
15585554001055000, 104
15585555001055000, 104
15585556001055000, 104
15585557001055000, 104
15585558001055000, 104
15585559001055000, 104
15585560001055000, 104
15585561001055000, 104
15585562001055000, 104
15585563001055000, 104
15585564001055000, 104
15585565001055000, 104
15585566001055000, 104
15585567001055000, 104
15585568001055000, 104
15585569001055000, 104
15585570001055000, 104
15585571001055000, 104
15585572001055000, 104
15585573001055000, 104
15585574001055000, 104
15585575001055000, 104
15585576001055000, 104
15585577001055000, 104
15585578001055000, 104
15585579001055000, 104
15585580001055000, 104
15585581001055000, 104
15585582001055000, 104
15585583001055000, 104
15585584001055000, 104
15585585001055000, 104
15585586001055000, 104
15585587001055000, 104
15585588001055000, 104
15585589001055000, 104
15585590001055000, 104
15585591001055000, 104
15585592001055000, 104
15585593001055000, 104
15585594001055000, 104
15585595001055000, 104
15585596001055000, 104
15585597001055000, 104
15585598001055000, 104
15585599001055000, 104
15585600001055000, 104
15585601001055000, 104
15585602001055000, 104
15585603001055000, 104
15585604001055000, 104
15585605001055000, 104
15585606001055000, 104
15585607001055000, 104
15585608001055000, 104
15585609001055000, 104
15585610001055000, 104
15585611001055000, 104
15585612001055000, 104
15585613001055000, 104
15585614001055000, 104
15585615001055000, 104
15585616001055000, 104
15585617001055000, 104
15585618001055000, 104
15585619001055000, 104
15585620001055000, 104
15585621001055000, 104
15585622001055000, 104
15585623001055000, 104
15585624001055000, 104
15585625001055000, 104
15585626001055000, 104
15585627001055000, 104
15585628001055000, 104
15585629001055000, 104
15585630001055000, 104
15585631001055000, 104
15585632001055000, 104
15585633001055000, 104
15585634001055000, 104
15585635001055000, 104
15585636001055000, 104
15585637001055000, 104
15585638001055000, 104
15585639001055000, 104
15585640001055000, 104
15585641001055000, 104
15585642001055000, 104
15585643001055000, 104
15585644001055000, 104
15585645001055000, 104
15585646001055000, 104
15585647001055000, 104
15585648001055000, 104
15585649001055000, 104
15585650001055000, 104
15585651001055000, 104
15585652001055000, 104
15585653001055000, 104
15585654001055000, 104
15585655001055000, 104
15585656001055000, 104
15585657001055000, 104
15585658001055000, 104
15585659001055000, 104
15585660001055000, 104
15585661001055000, 104
15585662001055000, 104
15585663001055000, 104
15585664001055000, 104
15585665001055000, 104
15585666001055000, 104
15585667001055000, 104
15585668001055000, 104
15585669001055000, 104
15585670001055000, 104
15585671001055000, 104
15585672001055000, 104
15585673001055000, 104
15585674001055000, 104
15585675001055000, 104
15585676001055000, 104
15585677001055000, 104
15585678001055000, 104
15585679001055000, 104
15585680001055000, 104
15585681001055000, 104
15585682001055000, 104
15585683001055000, 104
15585684001055000, 104
15585685001055000, 104
15585686001055000, 104
15585687001055000, 104
15585688001055000, 104
15585689001055000, 104
15585690001055000, 104
15585691001055000, 104
15585692001055000, 104
15585693001055000, 104
15585694001055000, 104
15585695001055000, 104
15585696001055000, 104
15585697001055000, 104
15585698001055000, 104
15585699001055000, 104
15585700001055000, 104
15585701001055000, 104
15585702001055000, 104
15585703001055000, 104
15585704001055000, 104
15585705001055000, 104
15585706001055000, 104
15585707001055000, 104
15585708001055000, 104
15585709001055000, 104
15585710001055000, 104
15585711001055000, 104
15585712001055000, 104
15585713001055000, 104
15585714001055000, 104
15585715001055000, 104
15585716001055000, 104
15585717001055000, 104
15585718001055000, 104
15585719001055000, 104
15585720001055000, 104
15585721001055000, 104
15585722001055000, 104
15585723001055000, 104
15585724001055000, 104
15585725001055000, 104
15585726001055000, 104
15585727001055000, 104
15585728001055000, 104
15585729001055000, 104
15585730001055000, 104
15585731001055000, 104
15585732001055000, 104
15585733001055000, 104
15585734001055000, 104
15585735001055000, 104
15585736001055000, 104
15585737001055000, 104
15585738001055000, 104
15585739001055000, 104
15585740001055000, 104
15585741001055000, 104
15585742001055000, 104
15585743001055000, 104
15585744001055000, 104
15585745001055000, 104
15585746001055000, 104
15585747001055000, 104
15585748001055000, 104
15585749001055000, 104
15585750001055000, 104
15585751001055000, 104
15585752001055000, 104
15585753001055000, 104
15585754001055000, 104
15585755001055000, 104
15585756001055000, 104
15585757001055000, 104
15585758001055000, 104
15585759001055000, 104
15585760001055000, 104
15585761001055000, 104
15585762001055000, 104
15585763001055000, 104
15585764001055000, 104
15585765001055000, 104
15585766001055000, 104
15585767001055000, 104
15585768001055000, 104
15585769001055000, 104
15585770001055000, 104
15585771001055000, 104
15585772001055000, 104
15585773001055000, 104
15585774001055000, 104
15585775001055000, 104
15585776001055000, 104
15585777001055000, 104
15585778001055000, 104
15585779001055000, 104
15585780001055000, 104
15585781001055000, 104
15585782001055000, 104
15585783001055000, 104
15585784001055000, 104
15585785001055000, 104
15585786001055000, 104
15585787001055000, 104
15585788001055000, 104
15585789001055000, 104
15585790001055000, 104
15585791001055000, 104
15585792001055000, 104
15585793001055000, 104
15585794001055000, 104
15585795001055000, 104
15585796001055000, 104
15585797001055000, 104
15585798001055000, 104
15585799001055000, 104
15585800001055000, 104
15585801001055000, 104
15585802001055000, 104
15585803001055000, 104
15585804001055000, 104
15585805001055000, 104
15585806001055000, 104
15585807001055000, 104
15585808001055000, 104
15585809001055000, 104
15585810001055000, 104
15585811001055000, 104
