0, 269.5, -359.5
1, 254.5, -358.5
2, 266.5, -350.5
3, 253.5, -353.5
4, 242.0, -373.0
5, 256.0, -354.0
6, 254.5, -365.5
7, 259.5, -350.5
8, 260.5, -357.5
9, 264.0, -341.0
10, 264.0, -365.0
11, 258.5, -338.5
12, 252.0, -368.0
13, 255.5, -356.5
14, 266.5, -355.5
15, 246.0, -359.0
16, 268.5, -356.5
17, 261.0, -341.0
18, 259.0, -358.0
19, 255.0, -356.0
20, 257.0, -364.0
21, 263.0, -348.0
22, 267.0, -356.0
23, 255.0, -358.0
24, 263.5, -357.5
25, 265.0, -347.0
26, 266.5, -358.5
27, 261.0, -355.0
28, 263.0, -359.0
29, 257.0, -361.0
30, 252.5, -367.5
31, 253.5, -350.5
32, 247.0, -376.0
33, 252.5, -358.5
34, 252.0, -371.0
35, 263.5, -349.5
36, 257.5, -356.5
37, 258.0, -354.0
38, 266.5, -350.5
39, 252.5, -352.5
40, 250.5, -377.5
41, 253.5, -354.5
42, 262.5, -361.5
43, 254.5, -351.5
44, 253.0, -367.0
45, 253.5, -352.5
46, 259.5, -359.5
47, 257.0, -349.0
48, 260.0, -359.0
49, 247.5, -353.5
50, 256.5, -367.5
51, 249.0, -365.0
52, 254.5, -362.5
53, 256.0, -356.0
54, 263.0, -362.0
55, 247.0, -351.0
56, 249.5, -368.5
57, 253.5, -353.5
58, 246.5, -371.5
59, 250.0, -360.0
60, 255.0, -366.0
61, 253.5, -352.5
62, 252.0, -360.0
63, 252.0, -363.0
64, 248.0, -371.0
65, 254.0, -359.0
66, 245.0, -376.0
67, 258.0, -354.0
68, 264.5, -359.5
69, 256.5, -355.5
70, 260.5, -354.5
71, 252.5, -361.5
72, 263.0, -362.0
73, 256.5, -348.5
74, 251.5, -364.5
75, 252.0, -362.0
76, 266.5, -353.5
77, 266.0, -354.0
78, 269.0, -352.0
79, 265.0, -354.0
80, 248.0, -374.0
81, 255.5, -347.5
82, 271.0, -361.0
83, 250.5, -355.5
84, 260.0, -359.0
85, 255.0, -353.0
86, 275.5, -352.5
87, 257.5, -358.5
88, 259.5, -362.5
89, 254.5, -362.5
90, 256.0, -361.0
91, 261.5, -353.5
92, 258.5, -369.5
93, 247.0, -358.0
94, 254.0, -357.0
95, 256.0, -358.0
96, 257.0, -367.0
97, 242.0, -361.0
98, 252.0, -357.0
99, 256.5, -352.5
100, 258.0, -357.0
101, 249.5, -362.5
102, 252.0, -365.0
103, 257.5, -361.5
104, 254.0, -365.0
105, 255.5, -345.5
106, 257.5, -367.5
107, 248.5, -354.5
108, 267.0, -359.0
109, 246.0, -353.0
110, 257.5, -354.5
111, 254.5, -342.5
112, 260.5, -362.5
113, 254.5, -352.5
114, 260.5, -354.5
115, 267.0, -340.0
116, 263.0, -356.0
117, 244.5, -366.5
118, 257.0, -365.0
119, 266.0, -348.0
120, 272.0, -347.0
121, 251.5, -357.5
122, 270.0, -356.0
123, 256.5, -349.5
124, 273.0, -360.0
125, 249.0, -355.0
126, 255.0, -362.0
127, 255.0, -352.0
128, 258.5, -352.5
129, 261.5, -349.5
130, 271.5, -351.5
131, 250.5, -357.5
132, 256.5, -366.5
133, 258.5, -349.5
134, 266.5, -356.5
135, 236.5, -355.5
136, 244.0, -378.0
137, 259.5, -346.5
138, 271.5, -358.5
139, 251.0, -363.0
140, 259.0, -364.0
141, 252.5, -357.5
142, 267.5, -359.5
143, 251.5, -350.5
144, 248.0, -377.0
145, 244.5, -356.5
146, 263.0, -359.0
147, 258.5, -352.5
148, 266.0, -360.0
149, 249.5, -357.5
150, 263.5, -349.5
151, 256.0, -352.0
152, 263.5, -360.5
153, 260.0, -354.0
154, 266.0, -367.0
155, 253.0, -357.0
156, 249.5, -368.5
157, 244.0, -359.0
158, 257.0, -368.0
159, 256.0, -359.0
160, 250.5, -368.5
161, 264.5, -355.5
162, 250.5, -368.5
163, 247.5, -353.5
164, 255.0, -361.0
165, 252.0, -344.0
166, 259.0, -360.0
167, 250.0, -353.0
168, 263.5, -362.5
169, 247.0, -359.0
170, 263.0, -357.0
171, 243.5, -367.5
172, 264.0, -358.0
173, 254.0, -353.0
174, 262.5, -363.5
175, 247.5, -363.5
176, 263.5, -363.5
177, 255.5, -359.5
178, 260.0, -363.0
179, 247.0, -356.0
180, 257.0, -369.0
181, 259.5, -354.5
182, 256.0, -366.0
183, 254.5, -351.5
184, 263.0, -355.0
185, 252.5, -350.5
186, 262.0, -358.0
187, 252.0, -356.0
188, 264.5, -364.5
189, 253.5, -358.5
190, 258.0, -363.0
191, 263.5, -348.5
192, 260.5, -358.5
193, 256.5, -355.5
194, 243.0, -379.0
195, 246.5, -349.5
196, 259.5, -359.5
197, 246.5, -364.5
198, 262.0, -357.0
199, 256.5, -365.5
200, 259.0, -352.0
201, 259.5, -345.5
202, 247.0, -379.0
203, 251.0, -357.0
204, 268.5, -358.5
205, 262.5, -343.5
206, 265.5, -363.5
207, 251.0, -356.0
208, 262.5, -353.5
209, 259.5, -346.5
210, 262.5, -364.5
211, 252.5, -363.5
212, 272.0, -353.0
213, 250.0, -365.0
214, 271.0, -361.0
215, 256.5, -355.5
216, 249.5, -361.5
217, 255.0, -356.0
218, 260.5, -359.5
219, 253.5, -355.5
220, 261.0, -361.0
221, 257.5, -349.5
222, 261.5, -362.5
223, 263.0, -346.0
224, 257.5, -366.5
225, 253.0, -351.0
226, 259.5, -354.5
227, 259.5, -346.5
228, 266.5, -363.5
229, 258.5, -350.5
230, 262.5, -362.5
231, 254.5, -360.5
232, 266.0, -358.0
233, 262.0, -351.0
234, 265.5, -361.5
235, 250.5, -345.5
236, 267.5, -357.5
237, 257.5, -359.5
238, 259.0, -361.0
239, 248.0, -361.0
240, 260.0, -364.0
241, 255.5, -349.5
242, 251.0, -372.0
243, 257.0, -351.0
244, 253.5, -371.5
245, 264.5, -350.5
246, 263.0, -366.0
247, 246.5, -367.5
248, 263.0, -359.0
249, 252.0, -353.0
250, 254.0, -354.0
251, 253.0, -347.0
252, 259.0, -359.0
253, 258.5, -353.5
254, 251.0, -369.0
255, 256.5, -348.5
256, 258.0, -362.0
257, 259.0, -347.0
258, 265.0, -363.0
259, 262.5, -355.5
260, 253.5, -362.5
261, 260.5, -347.5
262, 259.5, -367.5
263, 261.0, -359.0
264, 264.5, -359.5
265, 253.0, -351.0
266, 258.0, -370.0
267, 251.0, -356.0
268, 266.5, -344.5
269, 260.5, -348.5
270, 261.0, -356.0
271, 248.5, -352.5
272, 259.5, -367.5
273, 256.0, -360.0
274, 258.5, -363.5
275, 263.5, -351.5
276, 260.0, -374.0
277, 250.5, -355.5
278, 261.0, -361.0
279, 256.5, -358.5
280, 272.5, -362.5
281, 259.0, -352.0
282, 261.5, -357.5
283, 257.0, -360.0
284, 256.5, -357.5
285, 265.0, -354.0
286, 263.0, -363.0
287, 250.0, -355.0
288, 269.0, -357.0
289, 258.5, -350.5
290, 266.5, -361.5
291, 252.0, -358.0
292, 270.0, -360.0
293, 256.0, -353.0
294, 259.5, -360.5
295, 262.5, -348.5
296, 258.5, -360.5
297, 256.5, -354.5
298, 268.0, -350.0
299, 248.5, -356.5
300, 249.0, -363.0
301, 250.5, -353.5
302, 263.5, -352.5
303, 254.5, -351.5
304, 260.5, -359.5
305, 248.0, -362.0
306, 254.0, -367.0
307, 264.0, -352.0
308, 259.0, -362.0
309, 259.0, -354.0
310, 267.0, -359.0
311, 252.0, -356.0
312, 249.0, -365.0
313, 266.5, -347.5
314, 255.0, -369.0
315, 260.0, -357.0
316, 260.5, -359.5
317, 256.0, -346.0
318, 261.0, -369.0
319, 255.0, -350.0
320, 260.5, -360.5
321, 259.0, -351.0
322, 244.5, -373.5
323, 252.0, -348.0
324, 260.5, -361.5
325, 255.0, -365.0
326, 259.0, -366.0
327, 264.0, -352.0
328, 245.0, -368.0
329, 263.0, -354.0
330, 261.5, -361.5
331, 253.5, -349.5
332, 257.0, -359.0
333, 246.5, -359.5
334, 266.0, -355.0
335, 255.5, -351.5
336, 262.0, -365.0
337, 249.0, -360.0
338, 256.5, -370.5
339, 249.0, -361.0
340, 271.0, -357.0
341, 263.0, -345.0
342, 270.5, -360.5
343, 250.5, -358.5
344, 256.5, -363.5
345, 268.5, -358.5
346, 264.0, -365.0
347, 250.5, -369.5
348, 251.0, -370.0
349, 252.5, -359.5
350, 250.5, -362.5
351, 249.0, -366.0
352, 255.5, -362.5
353, 240.5, -355.5
354, 250.5, -359.5
355, 252.5, -349.5
356, 269.0, -356.0
357, 264.0, -352.0
358, 266.5, -359.5
359, 255.5, -359.5
360, 255.5, -372.5
361, 244.0, -353.0
362, 267.0, -364.0
363, 250.0, -355.0
364, 256.0, -374.0
365, 255.0, -353.0
366, 254.5, -372.5
367, 260.0, -353.0
368, 267.0, -354.0
369, 259.0, -354.0
370, 253.0, -371.0
371, 242.5, -363.5
372, 261.5, -374.5
373, 262.5, -350.5
374, 257.0, -357.0
375, 256.5, -365.5
376, 252.0, -366.0
377, 260.5, -357.5
378, 268.5, -358.5
379, 249.5, -355.5
380, 245.0, -375.0
381, 242.0, -355.0
382, 258.5, -364.5
383, 252.5, -360.5
384, 251.5, -369.5
385, 254.5, -348.5
386, 262.0, -361.0
387, 260.0, -355.0
388, 262.5, -358.5
389, 260.0, -349.0
390, 273.0, -353.0
391, 246.5, -360.5
392, 257.0, -359.0
393, 247.0, -355.0
394, 262.5, -356.5
395, 253.0, -357.0
396, 255.0, -361.0
397, 246.0, -353.0
398, 262.0, -362.0
399, 247.0, -350.0
400, 258.0, -364.0
401, 248.0, -353.0
402, 268.0, -358.0
403, 251.5, -354.5
404, 264.5, -355.5
405, 253.5, -353.5
406, 265.0, -366.0
407, 254.5, -355.5
408, 256.5, -360.5
409, 248.0, -357.0
410, 262.0, -366.0
411, 255.0, -352.0
412, 265.0, -351.0
413, 257.5, -350.5
414, 258.0, -355.0
415, 252.5, -353.5
416, 269.5, -353.5
417, 245.5, -360.5
418, 260.5, -359.5
419, 264.0, -357.0
420, 264.0, -348.0
421, 254.0, -350.0
422, 260.0, -356.0
423, 252.5, -354.5
424, 246.5, -376.5
425, 252.5, -348.5
426, 252.0, -364.0
427, 255.5, -359.5
428, 249.0, -374.0
429, 256.0, -352.0
430, 261.0, -351.0
431, 260.0, -351.0
432, 261.0, -360.0
433, 251.5, -356.5
434, 271.5, -348.5
435, 249.0, -361.0
436, 245.5, -388.5
437, 246.0, -355.0
438, 258.0, -361.0
439, 263.5, -351.5
440, 250.0, -360.0
441, 253.0, -343.0
442, 264.0, -358.0
443, 256.5, -348.5
444, 264.5, -358.5
445, 252.0, -356.0
446, 243.5, -378.5
447, 255.5, -359.5
448, 254.0, -361.0
449, 251.5, -344.5
450, 262.0, -351.0
451, 253.5, -351.5
452, 258.0, -366.0
453, 252.5, -356.5
454, 262.0, -359.0
455, 255.5, -349.5
456, 242.5, -377.5
457, 248.0, -347.0
458, 251.5, -371.5
459, 248.5, -352.5
460, 255.5, -373.5
461, 252.0, -353.0
462, 259.5, -352.5
463, 257.5, -353.5
464, 265.5, -357.5
465, 268.0, -349.0
466, 269.5, -347.5
467, 247.0, -354.0
468, 255.0, -365.0
469, 242.0, -363.0
470, 259.5, -357.5
471, 261.0, -344.0
472, 250.5, -379.5
473, 255.5, -346.5
474, 264.5, -361.5
475, 246.0, -353.0
476, 258.5, -369.5
477, 256.5, -355.5
478, 263.0, -358.0
479, 256.5, -350.5
480, 263.0, -354.0
481, 253.5, -363.5
482, 239.5, -370.5
483, 253.0, -351.0
484, 272.0, -356.0
485, 247.0, -357.0
486, 261.5, -368.5
487, 258.0, -352.0
488, 246.5, -369.5
489, 256.5, -360.5
490, 249.5, -368.5
491, 260.0, -369.0
492, 259.0, -361.0
493, 253.0, -358.0
494, 244.5, -372.5
495, 255.0, -358.0
496, 258.0, -357.0
497, 253.5, -347.5
498, 253.0, -357.0
499, 247.0, -355.0
500, 269.0, -370.0
501, 256.5, -351.5
502, 268.5, -355.5
503, 270.5, -349.5
504, 261.0, -365.0
505, 254.5, -352.5
506, 262.5, -359.5
507, 252.5, -356.5
508, 245.0, -377.0
509, 253.5, -351.5
510, 255.0, -359.0
511, 255.0, -362.0
512, 244.0, -362.0
513, 255.0, -349.0
514, 255.5, -368.5
515, 265.0, -347.0
516, 259.5, -362.5
517, 256.5, -358.5
518, 264.5, -357.5
519, 254.0, -348.0
520, 261.5, -358.5
521, 256.5, -356.5
522, 262.0, -362.0
523, 248.5, -360.5
524, 250.0, -372.0
525, 242.5, -357.5
526, 263.0, -361.0
527, 246.5, -354.5
528, 265.5, -356.5
529, 247.0, -364.0
530, 254.5, -364.5
531, 251.5, -353.5
532, 262.0, -362.0
533, 256.0, -348.0
534, 263.0, -365.0
535, 259.5, -353.5
536, 261.5, -358.5
537, 253.0, -364.0
538, 251.5, -368.5
539, 256.0, -348.0
540, 268.5, -346.5
541, 253.5, -345.5
542, 262.5, -360.5
543, 251.0, -356.0
544, 253.0, -368.0
545, 254.0, -359.0
546, 262.5, -371.5
547, 256.0, -356.0
548, 259.0, -363.0
549, 257.0, -359.0
550, 267.5, -352.5
551, 252.0, -366.0
552, 250.5, -367.5
553, 258.0, -347.0
554, 268.0, -357.0
555, 257.5, -358.5
556, 263.5, -363.5
557, 251.5, -355.5
558, 259.0, -375.0
559, 248.5, -367.5
560, 260.0, -364.0
561, 252.5, -352.5
562, 262.0, -352.0
563, 252.5, -345.5
564, 269.5, -350.5
565, 251.5, -355.5
566, 252.5, -374.5
567, 255.5, -356.5
568, 266.5, -365.5
569, 250.0, -359.0
570, 256.5, -360.5
571, 247.5, -359.5
572, 249.5, -362.5
573, 249.5, -351.5
574, 261.5, -369.5
575, 264.5, -345.5
576, 262.5, -360.5
577, 257.0, -352.0
578, 258.0, -359.0
579, 252.5, -359.5
580, 265.5, -366.5
581, 253.5, -351.5
582, 262.0, -361.0
583, 255.0, -346.0
584, 267.0, -358.0
585, 252.5, -357.5
586, 255.5, -359.5
587, 265.5, -356.5
588, 256.5, -367.5
589, 255.0, -350.0
590, 267.5, -355.5
591, 257.5, -356.5
592, 261.0, -370.0
593, 254.0, -359.0
594, 258.5, -367.5
595, 242.5, -352.5
596, 249.5, -374.5
597, 255.5, -354.5
598, 269.0, -357.0
599, 254.5, -361.5
600, 260.0, -360.0
601, 264.5, -348.5
602, 265.5, -345.5
603, 250.0, -360.0
604, 257.5, -354.5
605, 256.0, -352.0
606, 263.5, -350.5
607, 249.5, -359.5
608, 257.5, -364.5
609, 251.0, -363.0
610, 257.5, -357.5
611, 251.5, -349.5
612, 258.5, -363.5
613, 262.5, -351.5
614, 244.5, -369.5
615, 257.0, -356.0
616, 266.5, -358.5
617, 246.0, -354.0
618, 258.5, -362.5
619, 253.5, -354.5
620, 261.0, -358.0
621, 261.0, -349.0
622, 265.0, -357.0
623, 259.0, -348.0
624, 265.5, -351.5
625, 244.0, -361.0
626, 267.0, -356.0
627, 253.5, -355.5
628, 250.5, -367.5
629, 261.5, -355.5
630, 262.5, -366.5
631, 252.0, -357.0
632, 264.5, -355.5
633, 255.5, -351.5
634, 263.5, -360.5
635, 245.5, -356.5
636, 261.0, -361.0
637, 259.5, -352.5
638, 264.0, -362.0
639, 262.5, -354.5
640, 262.5, -362.5
641, 253.0, -356.0
642, 263.0, -364.0
643, 258.5, -349.5
644, 254.0, -376.0
645, 253.5, -355.5
646, 256.5, -360.5
647, 244.5, -354.5
648, 242.0, -367.0
649, 256.0, -351.0
650, 259.5, -365.5
651, 251.0, -355.0
652, 257.0, -366.0
653, 257.5, -352.5
654, 271.5, -344.5
655, 253.0, -354.0
656, 262.5, -362.5
657, 260.0, -347.0
658, 273.0, -361.0
659, 249.5, -360.5
660, 262.0, -355.0
661, 244.5, -359.5
662, 268.0, -363.0
663, 253.5, -348.5
664, 246.5, -375.5
665, 249.0, -360.0
666, 245.0, -364.0
667, 255.0, -351.0
668, 267.0, -361.0
669, 256.0, -351.0
670, 253.0, -377.0
671, 252.0, -353.0
672, 257.0, -356.0
673, 248.5, -357.5
674, 263.5, -359.5
675, 255.0, -355.0
676, 255.0, -363.0
677, 258.5, -357.5
678, 250.5, -377.5
679, 256.5, -350.5
680, 256.0, -365.0
681, 248.5, -358.5
682, 264.5, -350.5
683, 248.5, -353.5
684, 249.0, -373.0
685, 256.5, -353.5
686, 254.5, -363.5
687, 254.5, -356.5
688, 245.5, -372.5
689, 247.5, -355.5
690, 264.5, -356.5
691, 257.0, -357.0
692, 268.0, -364.0
693, 253.5, -355.5
694, 245.0, -379.0
695, 255.0, -361.0
696, 266.0, -358.0
697, 248.5, -358.5
698, 257.0, -373.0
699, 261.5, -341.5
700, 262.5, -358.5
701, 248.0, -356.0
702, 259.5, -362.5
703, 244.5, -363.5
704, 249.5, -380.5
705, 247.0, -366.0
706, 269.0, -358.0
707, 264.0, -354.0
708, 259.5, -355.5
709, 252.5, -356.5
710, 259.0, -367.0
711, 255.0, -356.0
712, 258.5, -371.5
713, 254.0, -358.0
714, 244.5, -367.5
715, 257.0, -357.0
716, 263.5, -353.5
717, 254.5, -357.5
718, 270.0, -356.0
719, 253.0, -354.0
720, 262.5, -357.5
721, 256.0, -364.0
722, 253.5, -362.5
723, 254.5, -357.5
724, 259.5, -366.5
725, 261.0, -349.0
726, 258.5, -369.5
727, 247.5, -355.5
728, 242.0, -376.0
729, 242.0, -354.0
730, 261.5, -355.5
731, 251.0, -357.0
732, 258.0, -367.0
733, 255.5, -347.5
734, 249.0, -367.0
735, 258.0, -358.0
736, 260.5, -361.5
737, 252.0, -355.0
738, 247.5, -371.5
739, 254.5, -363.5
740, 268.0, -354.0
741, 256.5, -345.5
742, 261.5, -355.5
743, 256.0, -352.0
744, 257.5, -368.5
745, 261.0, -350.0
746, 254.5, -372.5
747, 252.5, -352.5
748, 264.0, -370.0
749, 247.0, -362.0
750, 255.5, -354.5
751, 252.0, -357.0
752, 261.0, -362.0
753, 249.0, -349.0
754, 257.0, -366.0
755, 250.0, -360.0
756, 260.0, -357.0
757, 253.0, -352.0
758, 256.0, -368.0
759, 260.0, -350.0
760, 248.5, -369.5
761, 258.5, -344.5
762, 253.5, -361.5
763, 254.5, -351.5
764, 260.5, -356.5
765, 251.5, -352.5
766, 254.0, -361.0
767, 259.5, -356.5
768, 260.5, -367.5
769, 262.0, -356.0
770, 262.0, -358.0
771, 259.5, -343.5
772, 255.5, -359.5
773, 255.5, -359.5
774, 260.0, -359.0
775, 261.0, -354.0
776, 271.0, -353.0
777, 263.5, -344.5
778, 245.5, -376.5
779, 258.5, -350.5
780, 249.5, -372.5
781, 251.0, -353.0
782, 261.0, -366.0
783, 251.5, -372.5
784, 268.0, -361.0
785, 258.5, -347.5
786, 246.5, -365.5
787, 252.5, -362.5
788, 262.5, -359.5
789, 249.5, -355.5
790, 249.0, -360.0
791, 257.0, -353.0
792, 258.0, -362.0
793, 257.5, -355.5
794, 246.5, -370.5
795, 253.0, -357.0
796, 261.5, -361.5
797, 248.0, -355.0
798, 262.0, -370.0
799, 258.5, -361.5
800, 247.0, -369.0
801, 259.0, -359.0
802, 254.0, -377.0
803, 252.5, -355.5
804, 252.5, -355.5
805, 250.5, -343.5
806, 270.5, -347.5
807, 248.5, -356.5
808, 264.0, -359.0
809, 263.0, -348.0
810, 268.5, -356.5
811, 252.0, -358.0
812, 259.5, -357.5
813, 249.0, -360.0
814, 251.0, -371.0
815, 256.0, -353.0
816, 264.0, -357.0
817, 262.0, -350.0
818, 256.0, -375.0
819, 249.5, -362.5
820, 252.0, -374.0
821, 258.5, -345.5
822, 248.5, -366.5
823, 262.0, -355.0
824, 264.5, -363.5
825, 251.0, -355.0
826, 256.0, -361.0
827, 245.0, -360.0
828, 254.0, -367.0
829, 252.0, -349.0
830, 262.5, -359.5
831, 249.0, -351.0
832, 258.5, -361.5
833, 266.0, -353.0
834, 246.0, -375.0
835, 254.5, -354.5
836, 266.5, -355.5
837, 249.0, -362.0
838, 252.5, -355.5
839, 254.5, -351.5
840, 266.0, -351.0
841, 250.5, -351.5
842, 260.0, -353.0
843, 253.0, -351.0
844, 265.5, -362.5
845, 256.0, -352.0
846, 259.0, -363.0
847, 253.5, -350.5
848, 259.5, -362.5
849, 263.5, -354.5
850, 262.0, -361.0
851, 255.0, -357.0
852, 259.0, -370.0
853, 261.0, -343.0
854, 256.5, -360.5
855, 248.0, -356.0
856, 248.0, -381.0
857, 247.0, -366.0
858, 261.0, -363.0
859, 252.0, -351.0
860, 258.0, -359.0
861, 258.5, -346.5
862, 259.0, -373.0
863, 243.5, -359.5
864, 260.5, -360.5
865, 259.0, -355.0
866, 253.0, -376.0
867, 257.0, -362.0
868, 270.5, -352.5
869, 254.5, -360.5
870, 256.0, -357.0
871, 254.5, -357.5
872, 251.0, -363.0
873, 254.5, -349.5
874, 263.0, -362.0
875, 257.0, -354.0
876, 263.5, -357.5
877, 253.0, -358.0
878, 254.0, -372.0
879, 249.0, -344.0
880, 257.5, -353.5
881, 251.5, -358.5
882, 256.5, -360.5
883, 259.5, -348.5
884, 261.5, -357.5
885, 253.0, -358.0
886, 260.0, -353.0
887, 265.0, -345.0
888, 255.0, -360.0
889, 257.5, -349.5
890, 258.0, -360.0
891, 260.0, -339.0
892, 265.0, -359.0
893, 260.0, -352.0
894, 267.5, -361.5
895, 260.0, -351.0
896, 261.0, -359.0
897, 251.0, -344.0
898, 255.0, -366.0
899, 255.5, -351.5
900, 262.0, -360.0
901, 248.5, -350.5
902, 257.0, -356.0
903, 260.0, -365.0
904, 249.0, -369.0
905, 255.5, -347.5
906, 258.0, -365.0
907, 259.0, -348.0
908, 260.0, -362.0
909, 260.5, -353.5
910, 248.5, -361.5
911, 241.5, -357.5
912, 250.0, -382.0
913, 250.0, -353.0
914, 258.5, -363.5
915, 253.0, -359.0
916, 258.0, -359.0
917, 269.0, -345.0
918, 249.5, -365.5
919, 249.0, -360.0
920, 253.5, -360.5
921, 252.5, -351.5
922, 260.0, -364.0
923, 254.0, -361.0
924, 279.5, -354.5
925, 254.5, -353.5
926, 260.5, -366.5
927, 258.0, -355.0
928, 262.5, -362.5
929, 256.5, -355.5
930, 268.5, -357.5
931, 261.5, -351.5
932, 258.0, -359.0
933, 254.5, -347.5
934, 267.0, -347.0
935, 255.0, -350.0
936, 255.5, -364.5
937, 260.5, -354.5
938, 253.5, -359.5
939, 246.5, -357.5
940, 262.0, -361.0
941, 259.5, -348.5
942, 255.5, -361.5
943, 260.5, -347.5
944, 265.0, -365.0
945, 255.5, -358.5
946, 258.5, -364.5
947, 255.5, -351.5
948, 261.0, -359.0
949, 250.0, -358.0
950, 260.0, -358.0
951, 257.0, -343.0
952, 254.0, -369.0
953, 255.5, -349.5
954, 264.0, -354.0
955, 259.5, -345.5
956, 258.0, -362.0
957, 246.5, -360.5
958, 258.5, -357.5
959, 265.5, -349.5
960, 264.5, -365.5
961, 255.0, -355.0
962, 264.5, -363.5
963, 251.5, -355.5
964, 251.0, -360.0
965, 257.5, -347.5
966, 260.5, -360.5
967, 256.5, -356.5
968, 262.5, -366.5
969, 255.5, -357.5
970, 252.5, -356.5
971, 257.5, -359.5
972, 241.0, -374.0
973, 255.0, -357.0
974, 247.0, -377.0
975, 248.5, -357.5
976, 252.5, -357.5
977, 255.5, -359.5
978, 258.5, -368.5
979, 255.5, -355.5
980, 255.5, -364.5
981, 253.5, -358.5
982, 255.5, -365.5
983, 257.5, -355.5
984, 260.5, -359.5
985, 248.5, -358.5
986, 255.5, -359.5
987, 260.5, -355.5
988, 262.0, -366.0
989, 257.0, -358.0
990, 265.0, -357.0
991, 244.5, -360.5
992, 256.5, -370.5
993, 241.5, -369.5
994, 250.5, -385.5
995, 257.0, -343.0
996, 260.5, -355.5
997, 247.5, -359.5
998, 269.0, -355.0
999, 247.5, -361.5
1000, 265.5, -347.5
1001, 253.5, -357.5
1002, 260.5, -367.5
1003, 260.5, -352.5
1004, 255.5, -370.5
1005, 256.5, -360.5
1006, 268.0, -358.0
1007, 259.0, -349.0
1008, 257.0, -368.0
1009, 253.5, -354.5
1010, 272.0, -351.0
1011, 262.0, -347.0
1012, 268.5, -354.5
1013, 266.0, -355.0
1014, 262.5, -364.5
1015, 247.0, -349.0
1016, 253.0, -374.0
1017, 258.0, -347.0
1018, 267.5, -361.5
1019, 252.0, -355.0
1020, 263.0, -364.0
1021, 250.5, -352.5
1022, 261.5, -363.5
1023, 254.0, -355.0
1024, 263.5, -361.5
1025, 252.5, -345.5
1026, 259.5, -364.5
1027, 248.5, -355.5
1028, 252.0, -367.0
1029, 254.5, -358.5
1030, 263.5, -369.5
1031, 246.0, -367.0
1032, 245.0, -378.0
1033, 248.5, -368.5
1034, 258.5, -358.5
1035, 258.5, -355.5
1036, 265.5, -362.5
1037, 248.5, -356.5
1038, 268.0, -359.0
1039, 249.0, -361.0
1040, 263.0, -365.0
1041, 251.0, -359.0
1042, 254.5, -364.5
1043, 252.5, -351.5
1044, 260.0, -362.0
1045, 261.5, -352.5
1046, 265.0, -365.0
1047, 256.0, -353.0
1048, 262.0, -359.0
1049, 252.0, -349.0
1050, 258.0, -372.0
1051, 257.5, -355.5
1052, 262.5, -368.5
1053, 263.5, -353.5
1054, 246.0, -374.0
1055, 257.0, -357.0
1056, 276.0, -347.0
1057, 259.5, -356.5
1058, 262.0, -366.0
1059, 254.5, -355.5
1060, 261.5, -358.5
1061, 261.0, -352.0
1062, 259.5, -354.5
1063, 262.0, -349.0
1064, 254.5, -370.5
1065, 253.0, -358.0
1066, 241.0, -374.0
1067, 257.5, -350.5
1068, 257.0, -360.0
1069, 254.0, -350.0
1070, 266.5, -349.5
1071, 245.0, -364.0
1072, 252.5, -365.5
1073, 251.5, -348.5
1074, 239.0, -363.0
1075, 261.5, -356.5
1076, 253.5, -369.5
1077, 252.0, -365.0
1078, 264.5, -354.5
1079, 260.0, -353.0
1080, 263.0, -360.0
1081, 255.5, -354.5
1082, 266.0, -359.0
1083, 246.5, -359.5
1084, 274.0, -362.0
1085, 258.5, -347.5
1086, 263.0, -356.0
1087, 254.0, -360.0
1088, 262.5, -355.5
1089, 254.0, -359.0
1090, 257.0, -359.0
1091, 256.0, -349.0
1092, 261.5, -355.5
1093, 241.0, -362.0
1094, 264.0, -356.0
1095, 256.0, -354.0
1096, 263.5, -359.5
1097, 243.0, -365.0
1098, 261.0, -361.0
1099, 249.0, -350.0
1100, 259.0, -359.0
1101, 248.0, -354.0
1102, 262.5, -354.5
1103, 254.0, -361.0
1104, 261.5, -357.5
1105, 247.0, -361.0
1106, 259.0, -357.0
1107, 255.5, -350.5
1108, 252.5, -367.5
1109, 256.5, -347.5
1110, 260.0, -362.0
1111, 267.0, -359.0
1112, 255.5, -355.5
1113, 235.0, -360.0
1114, 259.0, -363.0
1115, 264.5, -351.5
1116, 263.5, -368.5
1117, 264.0, -358.0
1118, 266.0, -352.0
1119, 245.0, -359.0
1120, 262.5, -367.5
1121, 255.0, -358.0
1122, 252.5, -368.5
1123, 257.0, -354.0
1124, 256.5, -356.5
1125, 243.0, -354.0
1126, 268.5, -352.5
1127, 254.5, -358.5
1128, 256.0, -368.0
1129, 251.5, -352.5
1130, 254.5, -362.5
1131, 253.0, -352.0
1132, 262.5, -358.5
1133, 251.0, -360.0
1134, 266.0, -366.0
1135, 259.0, -357.0
1136, 259.5, -359.5
1137, 256.0, -350.0
1138, 259.5, -358.5
1139, 259.5, -357.5
1140, 255.5, -363.5
1141, 258.0, -358.0
1142, 260.5, -360.5
1143, 256.5, -357.5
1144, 266.5, -354.5
1145, 247.0, -357.0
1146, 266.0, -363.0
1147, 246.5, -368.5
1148, 255.0, -361.0
1149, 256.0, -357.0
1150, 261.0, -361.0
1151, 255.0, -355.0
1152, 264.0, -366.0
1153, 244.0, -366.0
1154, 265.0, -359.0
1155, 250.0, -351.0
1156, 258.5, -346.5
1157, 259.5, -362.5
1158, 243.5, -379.5
1159, 249.5, -346.5
1160, 253.0, -371.0
1161, 252.0, -354.0
1162, 248.0, -367.0
1163, 253.5, -360.5
1164, 279.5, -354.5
1165, 257.0, -353.0
1166, 258.5, -368.5
1167, 262.5, -350.5
1168, 255.5, -364.5
1169, 257.5, -358.5
1170, 252.5, -365.5
1171, 259.5, -349.5
1172, 250.5, -373.5
1173, 255.0, -354.0
1174, 258.0, -363.0
1175, 255.0, -350.0
1176, 266.5, -361.5
1177, 261.0, -352.0
1178, 252.0, -374.0
1179, 248.0, -360.0
1180, 268.5, -349.5
1181, 256.0, -346.0
1182, 262.0, -366.0
1183, 250.5, -350.5
1184, 255.5, -368.5
1185, 260.0, -357.0
1186, 263.5, -362.5
1187, 246.0, -358.0
1188, 259.0, -359.0
1189, 254.5, -359.5
1190, 259.5, -351.5
1191, 254.5, -356.5
1192, 258.5, -361.5
1193, 260.5, -347.5
1194, 260.0, -354.0
1195, 258.5, -354.5
1196, 263.0, -367.0
1197, 258.5, -344.5
1198, 266.0, -356.0
1199, 260.0, -357.0
1200, 258.5, -358.5
1201, 250.0, -361.0
1202, 256.0, -367.0
1203, 258.5, -357.5
1204, 255.0, -363.0
1205, 259.0, -339.0
1206, 262.5, -360.5
1207, 254.0, -357.0
1208, 262.5, -368.5
1209, 260.0, -367.0
1210, 249.0, -360.0
1211, 245.5, -362.5
1212, 277.5, -343.5
1213, 254.0, -361.0
1214, 265.5, -362.5
1215, 254.5, -354.5
1216, 266.5, -357.5
1217, 267.5, -347.5
1218, 251.0, -371.0
1219, 256.5, -356.5
1220, 263.0, -360.0
1221, 251.5, -366.5
1222, 259.0, -362.0
1223, 257.5, -344.5
1224, 263.5, -355.5
1225, 249.0, -357.0
1226, 272.5, -358.5
1227, 260.5, -365.5
1228, 251.5, -352.5
1229, 246.0, -358.0
1230, 263.0, -364.0
1231, 254.0, -355.0
1232, 265.5, -359.5
1233, 264.0, -345.0
1234, 259.0, -366.0
1235, 257.5, -347.5
1236, 250.5, -372.5
1237, 251.0, -352.0
1238, 258.5, -367.5
1239, 245.0, -354.0
1240, 266.0, -353.0
1241, 258.0, -346.0
1242, 240.5, -379.5
1243, 259.5, -362.5
1244, 257.0, -358.0
1245, 246.0, -355.0
1246, 263.5, -353.5
1247, 252.5, -359.5
1248, 263.0, -354.0
1249, 247.0, -364.0
1250, 262.5, -358.5
1251, 256.0, -348.0
1252, 263.0, -357.0
1253, 258.0, -344.0
1254, 257.5, -362.5
1255, 255.5, -359.5
1256, 269.0, -361.0
1257, 250.0, -354.0
1258, 258.5, -355.5
1259, 250.0, -349.0
1260, 255.5, -363.5
1261, 258.5, -354.5
1262, 256.0, -363.0
1263, 249.0, -348.0
1264, 260.0, -360.0
1265, 252.5, -360.5
1266, 262.0, -363.0
1267, 253.5, -349.5
1268, 262.5, -364.5
1269, 249.5, -355.5
1270, 261.5, -361.5
1271, 254.5, -346.5
1272, 271.0, -365.0
1273, 256.5, -360.5
1274, 261.5, -361.5
1275, 250.5, -353.5
1276, 267.0, -358.0
1277, 253.0, -362.0
1278, 261.5, -362.5
1279, 249.5, -365.5
1280, 269.0, -360.0
1281, 255.0, -351.0
1282, 267.0, -357.0
1283, 254.5, -357.5
1284, 259.5, -360.5
1285, 245.5, -359.5
1286, 259.5, -367.5
1287, 253.5, -352.5
1288, 260.5, -363.5
1289, 252.0, -352.0
1290, 258.5, -366.5
1291, 259.0, -359.0
1292, 262.0, -361.0
1293, 252.0, -365.0
1294, 264.5, -363.5
1295, 258.5, -361.5
1296, 261.5, -363.5
1297, 254.0, -360.0
1298, 249.5, -374.5
1299, 251.0, -354.0
1300, 257.5, -357.5
1301, 255.0, -353.0
1302, 264.5, -361.5
1303, 250.0, -366.0
1304, 262.0, -364.0
1305, 254.5, -361.5
1306, 264.0, -352.0
1307, 259.0, -354.0
1308, 245.5, -381.5
1309, 250.5, -359.5
1310, 260.0, -360.0
1311, 267.0, -347.0
1312, 259.5, -368.5
1313, 245.5, -366.5
1314, 248.5, -374.5
1315, 244.0, -358.0
1316, 264.5, -347.5
1317, 262.5, -349.5
1318, 260.0, -358.0
1319, 257.0, -355.0
1320, 241.0, -380.0
1321, 258.0, -347.0
1322, 265.0, -352.0
1323, 260.0, -355.0
1324, 263.0, -359.0
1325, 255.5, -358.5
1326, 261.5, -359.5
1327, 252.0, -352.0
1328, 257.5, -355.5
1329, 253.0, -350.0
1330, 251.5, -362.5
1331, 258.5, -343.5
1332, 257.5, -362.5
1333, 257.0, -354.0
1334, 257.5, -369.5
1335, 249.5, -350.5
1336, 264.0, -368.0
1337, 249.0, -357.0
1338, 266.0, -358.0
1339, 243.0, -357.0
1340, 252.0, -364.0
1341, 252.0, -354.0
1342, 262.0, -360.0
1343, 259.5, -347.5
1344, 257.5, -363.5
1345, 258.0, -355.0
1346, 259.5, -368.5
1347, 244.5, -362.5
1348, 263.5, -363.5
1349, 253.5, -359.5
1350, 250.5, -358.5
1351, 251.5, -357.5
1352, 264.0, -359.0
1353, 264.0, -349.0
1354, 243.0, -375.0
1355, 263.5, -351.5
1356, 263.5, -359.5
1357, 261.5, -348.5
1358, 247.5, -369.5
1359, 255.5, -355.5
1360, 269.0, -360.0
1361, 253.5, -364.5
1362, 264.0, -360.0
1363, 258.5, -355.5
1364, 262.5, -363.5
1365, 262.0, -347.0
1366, 267.0, -359.0
1367, 255.0, -358.0
1368, 267.5, -352.5
1369, 254.5, -348.5
1370, 259.0, -358.0
1371, 252.5, -357.5
1372, 253.0, -362.0
1373, 268.5, -340.5
1374, 260.0, -357.0
1375, 256.5, -350.5
1376, 256.5, -362.5
1377, 267.0, -353.0
1378, 260.5, -354.5
1379, 247.0, -362.0
1380, 249.0, -378.0
1381, 253.5, -348.5
1382, 260.0, -359.0
1383, 261.5, -349.5
1384, 263.0, -359.0
1385, 254.0, -354.0
1386, 258.0, -358.0
1387, 261.0, -356.0
1388, 257.0, -354.0
1389, 250.0, -352.0
1390, 262.5, -355.5
1391, 251.0, -357.0
1392, 264.0, -363.0
1393, 260.5, -345.5
1394, 264.0, -367.0
1395, 260.0, -352.0
1396, 259.0, -366.0
1397, 249.5, -356.5
1398, 261.5, -349.5
1399, 251.5, -348.5
1400, 260.5, -364.5
1401, 251.0, -355.0
1402, 251.0, -361.0
1403, 260.5, -346.5
1404, 260.0, -357.0
1405, 252.5, -349.5
1406, 259.0, -365.0
1407, 260.5, -357.5
1408, 251.0, -363.0
1409, 257.5, -341.5
1410, 254.5, -356.5
1411, 257.0, -359.0
1412, 258.5, -358.5
1413, 249.0, -359.0
1414, 261.5, -356.5
1415, 248.5, -363.5
1416, 263.5, -360.5
1417, 258.5, -348.5
1418, 261.5, -348.5
1419, 251.5, -350.5
1420, 265.0, -367.0
1421, 259.0, -352.0
1422, 268.0, -359.0
1423, 252.5, -358.5
1424, 246.0, -380.0
1425, 256.0, -353.0
1426, 259.5, -366.5
1427, 263.0, -345.0
1428, 258.5, -360.5
1429, 251.5, -356.5
1430, 245.0, -371.0
1431, 260.5, -349.5
1432, 260.0, -357.0
1433, 259.0, -352.0
1434, 266.0, -362.0
